14514
163212
280065
216165
101907
285026
239197
191430
187567
282126
268012
239120
107039
256110
281095
260299
263069
62971
42879
34422
218674
290599
121739
255136
34580
102462
287989
93168
176454
237570
153909
132778
47661
149876
297751
105740
50045
17760
196109
168677
45219
66623
6619
87862
168898
179632
159989
285570
172949
261774
260690
13886
111100
159967
172848
86301
67388
270023
110761
130381
132001
17351
20789
125833
165910
29517
35984
215291
297603
152780
78730
266579
172506
71308
134196
9007
113464
253943
150665
208313
182826
58183
40907
165899
105892
217880
207093
180309
101344
86313
230695
45552
83238
35847
119541
275685
194622
30781
92970
34064
97433
259317
82169
147160
71207
82910
293274
16777
90712
18123
277691
144219
238473
36073
79319
12033
230931
213586
82694
23867
78082
20700
79238
182660
197754
216250
214584
267718
245933
151842
40747
50722
56705
164213
56384
192901
37310
66482
12837
163780
84573
38296
134010
127151
98878
188251
224248
6642
9840
130942
13901
196277
251457
51313
207261
246631
202460
84911
95121
284487
127758
42675
105975
268462
168962
275237
59378
172576
19188
130220
236988
80707
266443
184387
267222
11058
146403
275184
224565
62301
276669
22472
142071
296901
170156
10757
88194
197321
145203
294974
7574
223294
237278
261130
171750
273531
112093
189637
132014
249539
173100
129704
272809
17274
149345
108353
102418
124385
21967
162497
250957
234914
178370
93063
127813
20494
176905
97196
191720
219027
37764
148170
191711
36830
208137
145516
93623
234896
147825
14085
54038
237236
252860
12961
167090
96013
106798
262406
94493
162823
287887
174177
53828
212994
68532
241304
10970
214599
28140
68050
275153
142397
263786
246916
265474
55143
58700
163207
293625
85000
221886
85520
71895
22563
51955
173934
179974
186602
290757
76952
264116
273777
170337
296746
278273
138933
17906
46001
38059
20008
160911
7734
38941
37047
79375
278345
291161
48626
227296
75604
183597
172426
80593
48446
263040
110284
253352
287516
50494
152234
179626
74325
276302
264949
68299
201742
190658
137187
106036
15750
38020
31652
37177
72077
198203
158249
196125
199210
263524
61331
154208
244747
295480
143149
74743
105049
268206
133928
10544
231587
177788
194840
243741
268001
114938
25099
133774
186871
133904
166784
70561
178754
241166
41667
186623
136976
108905
289229
95905
247613
223065
144029
185346
195854
263451
63879
118616
17255
138210
29134
183226
273153
292924
21711
152076
8230
255553
67286
262088
182762
229016
102629
153337
34656
126990
91412
251948
111528
264148
15476
256808
12754
247390
185280
220048
275634
218648
284438
275727
249483
194911
45295
71395
146464
194443
283865
228506
87287
236280
200045
227958
172623
38421
53455
28813
242187
110862
219646
163075
32336
261788
148245
223300
260164
246771
42309
65239
124528
208195
241916
75486
73630
7838
267678
246793
93470
78180
161526
32472
46490
264498
266969
204027
112175
180486
285657
270034
141040
21065
124617
241674
162393
280797
140014
169030
179623
115469
233330
236094
293439
27877
276619
94006
146680
113593
147848
59669
287656
207679
151107
251806
152708
104015
83884
237749
84676
278872
93158
287818
10219
91528
175615
105565
39107
207245
65398
232456
234184
78675
147191
96514
132128
258721
242704
130409
139949
7733
192214
101675
171993
17901
281555
48496
269266
178447
269830
282996
23553
8420
77975
56407
282125
66574
96920
130905
142989
259359
224900
25955
189370
226689
27104
111297
296422
149153
50792
196698
171702
226337
96579
251196
248740
139755
138718
179634
176268
156531
34098
174974
168203
140328
255820
283223
177805
78177
9297
49855
53231
69867
195766
128268
11243
182919
291346
142189
290117
237522
118633
58440
272252
166332
203129
187614
267691
240389
276764
144617
213967
271558
225290
96899
117597
108451
236973
168185
43731
50382
87549
52073
41942
32552
156939
148810
198181
59325
274681
28335
252312
83967
149351
245216
111703
74690
203560
104948
81353
148253
103619
289763
53756
88074
23902
210130
17888
117004
50267
97179
262563
102474
9812
221669
74977
52143
161069
37275
194871
55501
296595
72435
232086
90880
59137
18870
53036
248038
105940
134936
217622
211667
68106
265662
245147
119906
223911
113347
19182
21775
295015
254544
86882
12942
235352
261303
49784
234563
222580
246301
289036
84253
234087
163012
85535
89570
55840
228753
11295
57678
117454
175959
143247
67102
33895
91586
255529
225894
153343
222744
20621
84541
251898
137881
162749
204762
49228
206287
293305
281767
7535
210306
54858
51082
7878
225698
157359
232258
165772
172636
120784
178997
219047
31843
110747
249570
110028
169711
278212
245747
206406
58144
210615
199296
119228
218607
61274
31865
298033
131837
285317
11949
189931
204311
183971
282776
143112
153483
152630
142903
151140
260235
56540
170585
249925
37630
229331
208033
231419
299378
46511
18531
135456
36711
68223
95474
262052
203324
209039
96005
47697
273219
74693
261880
236102
295640
70075
188518
166201
293340
232775
68439
299453
36937
9974
22338
251464
277398
259436
38312
159540
270268
254491
251973
280233
75070
285032
94528
207809
76124
171614
134566
221446
63965
152882
123380
204961
75356
288150
154130
131836
259719
123607
160238
56875
115763
110652
23506
88223
238377
280054
299552
225105
277112
80437
224374
136428
77118
55585
138615
206457
139373
298297
251405
191727
280431
58693
206995
81585
187242
76094
209296
262931
290635
76795
128271
149366
12097
115116
268483
152601
164310
158682
99180
94952
81961
103034
207777
82284
238087
7858
250149
67970
113366
249343
46635
172807
119176
184314
62124
297953
256844
116176
126849
96814
183950
92611
214178
129759
264965
257990
18210
29664
102559
256189
72190
71772
156877
97314
281263
225484
200754
241786
157295
25100
94790
107956
46786
246705
284090
139094
90413
11639
269313
216075
175941
213009
207294
215610
51033
299710
69306
195330
127508
177526
205106
144814
95270
108534
227924
174601
135293
56086
240859
55458
269862
230325
198007
71270
232831
278732
59306
20642
49865
67013
298795
238199
182420
135500
141105
96492
59606
283501
268481
146719
178062
237865
51875
230536
245787
292508
258286
52192
195487
185284
178942
227400
53661
165572
132425
115559
151737
181143
200891
39280
245038
236833
100423
213410
118359
210148
221952
297184
136847
91907
12882
236025
91456
129649
290973
229561
95612
210406
131761
114955
142299
179274
186630
237707
29040
215466
75445
92485
130650
126473
39967
11246
167636
104991
252420
178501
233831
215406
290217
263012
59571
40973
40555
84751
261583
61821
60795
210486
200900
226455
157129
115430
218124
172663
36782
270409
117894
225307
209186
276923
128931
97426
19146
25267
60048
243152
103879
267219
158363
80527
47219
219028
177125
141300
99135
240407
199740
215818
71021
181258
103693
23161
174911
79617
170565
257180
194815
292627
234347
18281
225157
50106
136284
135731
30956
166316
103757
273490
284687
240021
199941
20828
271310
243383
228872
32264
72782
219205
258465
99944
162499
31403
109947
19198
27252
51881
95806
73298
82064
276035
286761
69390
46025
178639
106223
167144
10741
22533
19956
102475
235289
299704
139924
88759
80226
192316
167569
203162
11491
243006
229262
48439
220632
188494
175251
88515
171802
101891
221093
173391
175426
273265
63611
270471
133639
51840
99399
151999
298126
161306
31790
221898
117372
130563
46387
297002
67589
214207
65227
15065
47849
262303
73575
94387
293148
241650
230867
222907
138182
165065
86280
103658
264457
179765
101534
52842
278998
280357
105978
46206
35349
277923
204758
81491
13389
131890
152990
39014
35619
33445
135913
197968
40503
27221
191009
278418
126083
60763
175111
183784
109626
167818
184093
196767
116426
181860
121151
271704
69199
234623
154189
179098
196399
261506
98906
54359
133472
183713
90038
111946
248437
76641
94558
14146
14274
21944
125569
150963
87584
249950
280892
190107
89320
246283
283499
128131
64091
24569
292102
213191
268850
216052
99985
200485
295019
263374
217952
48429
231346
233729
127288
208528
80512
122293
265809
299684
228692
13661
233341
298453
292285
216319
114931
65490
273412
187149
227690
190757
63608
70139
206780
16075
155544
263688
87356
183237
193120
29623
203704
262278
237592
183282
209108
220366
93735
272957
169025
83110
112203
101643
147236
62246
264320
193207
85032
169020
103678
63867
102690
121672
92411
42478
197973
132902
113811
153421
249255
133308
163784
31127
147426
21197
178220
108127
44305
108412
99414
160544
23057
175406
235283
164020
174766
157221
270928
261281
25341
133183
297397
154464
56675
190734
106552
299625
181639
186355
290953
84812
134932
220874
36168
57634
271785
218495
154886
86988
268860
282202
212774
271585
223174
280687
276653
13893
267285
72265
52053
96339
226836
242532
79064
299316
38630
109633
205929
82195
179020
49375
152832
15193
60331
65847
74470
116376
244625
45732
203435
160389
148117
241523
68162
187334
115828
76382
187743
46505
78093
226002
200603
150570
254021
106980
234084
291527
124950
123808
62563
229161
285644
161389
257065
248706
294631
69934
279355
102027
174458
129448
28893
272604
21987
110429
295947
186316
150581
205635
106957
23735
180313
70452
273589
255972
278069
146197
168584
11590
220150
154451
156787
82274
193876
92440
44273
234803
137552
129309
87180
237794
185905
290982
141765
202463
282063
136857
148031
271688
163928
179895
232271
81518
19642
207766
220543
208305
291667
53216
140380
277491
74497
239218
199292
262284
73712
182391
141434
278838
110221
124484
97338
171757
260302
245086
283726
229248
133081
32763
159015
68697
26954
86155
259006
18548
232581
80935
84243
151338
71344
43042
144160
96837
131218
29867
254400
112728
164577
57859
58262
18133
146544
268455
235676
282676
212294
190994
274695
169690
178300
20760
61213
137813
70567
228862
27952
261705
47834
85247
95998
182903
127371
154105
39811
197575
58202
10069
91952
74252
75663
185829
178719
74424
217571
132569
214898
91494
13237
186827
56992
72285
229981
87343
116345
223318
265147
211725
120211
8634
9643
125894
28888
215074
277864
253927
264197
200753
250414
248507
21909
98929
179474
214053
188300
166006
8577
177438
194877
274193
242641
199738
126732
113457
168399
211895
76321
87477
296970
92182
109514
166887
236147
173965
36341
89825
45176
258040
144435
85956
212680
135407
29625
151923
115975
285896
178408
65917
43755
252706
286945
123330
175639
187575
95241
193617
127231
43688
128080
58971
101561
290460
60192
92022
22011
205762
194482
36414
137437
124179
72374
134108
122714
60050
118183
184779
87600
282725
22105
226912
43560
227275
93790
195717
254776
276406
291645
47405
142765
279356
80238
187782
144369
92241
173746
299618
178034
110337
98607
119262
26382
161830
137943
32192
64788
273450
110903
58876
92800
120625
253605
86843
116330
39713
81170
187162
264734
49698
267773
173065
182212
124974
57103
215905
92304
44691
158298
87547
289002
142399
145363
20465
111871
33791
164391
15262
50100
203698
104047
141839
284546
283320
198970
140940
279528
173276
283057
38872
104966
198890
77108
200589
204424
149607
228838
101007
49296
42546
31212
147817
75928
106583
93575
185783
120779
37158
261931
281417
287145
119549
140304
258936
184986
142540
121724
218809
246910
72900
229782
297807
265074
170922
186137
177155
8850
70175
211493
107719
85562
124470
247437
20262
135487
142291
241981
141169
160246
147986
203035
213615
21039
201065
200292
272355
256258
62161
146831
34139
196795
187375
269543
135567
22052
149660
8429
135245
231278
207666
159209
265034
39484
14621
297339
260659
122671
206058
146608
166757
280776
237283
40424
233166
159388
124861
291681
270298
295053
26576
203813
35834
277580
107901
169666
16572
13320
24106
260858
186519
96552
121709
86776
217180
89848
190518
132527
243334
256123
58522
179392
289584
170279
161132
128256
81473
54110
63343
202990
185838
124312
58493
20124
46601
270592
163230
232412
30902
119756
187214
123879
188612
191070
244924
298343
259200
193225
278579
159888
93828
253441
235466
123453
209730
127747
28611
255650
243260
188265
161872
127220
110046
251146
72143
53099
91272
189832
157746
243961
211900
102068
139148
28064
46312
115816
174532
281919
92805
161896
41757
266620
104733
46415
54802
236627
190372
237303
118813
241309
23125
237341
40231
235855
151934
118806
98849
249970
252281
158674
139151
126994
35341
66279
95947
292134
226383
270715
136347
209515
125145
146847
221334
184728
196943
183305
125448
10272
209513
159854
123090
50911
286019
283584
28359
87565
251946
63808
206589
100450
119570
181421
131767
166839
254202
14357
256579
200306
191644
32591
231966
142108
11332
33502
98713
291913
76088
246554
173493
30939
101761
39927
137402
203763
247729
221202
174547
159706
79567
172922
127521
215946
175288
137999
32035
84855
26886
51688
244700
33913
171089
274724
235397
189234
84124
281063
135494
91851
101166
271826
192938
258838
191773
259921
288549
285884
119664
224312
62423
246541
77608
30082
127352
169864
33080
190676
132225
133179
114956
107466
216623
194307
249146
55169
47521
176395
209134
249432
201656
188965
266714
171867
37086
199061
152223
149515
222127
193252
39946
151398
226174
196121
30272
290712
28651
180210
78831
141234
274789
53509
36399
169681
56265
295158
16575
193239
44055
279891
74961
171033
213237
100238
70015
97571
178545
257995
143482
104068
139650
6660
32095
91792
162517
219215
232457
87530
165049
295148
286407
37317
220268
33770
95131
31040
144238
67620
141499
11039
41575
148279
37808
205963
222560
202599
265663
63234
265345
71839
72501
97401
114066
60777
183359
291964
236630
200769
299293
217969
263617
206288
292574
9313
111743
121164
265572
111518
277177
139354
6584
82149
217895
120300
288291
78016
256449
143179
136679
235741
160067
223245
220747
188894
221920
23780
210479
270698
149239
166739
59682
116224
231636
242381
113181
100627
71354
42986
184738
82740
199404
243144
54043
187909
47583
132144
181247
162334
33527
39962
226667
155064
183683
133930
120591
288947
51662
95155
181460
100104
35288
144335
288334
90792
74346
152332
225517
221815
244464
229606
106451
67617
71468
21226
46425
166602
173895
231930
71757
208292
102962
78769
134408
205386
182927
13779
113451
258856
298983
203528
18779
220605
181088
92844
142273
177013
61503
204568
273112
185992
9673
133626
288985
94160
222087
282730
44451
107319
216675
122037
138500
161083
115895
187928
86640
95030
9204
268917
101060
107606
126507
21890
186346
175227
167345
22521
223328
285109
296642
196337
111608
66663
195667
84718
160002
144098
127688
215817
284300
108521
143800
283787
153286
189425
203486
158587
234535
140709
192028
253787
252128
292402
209700
58629
228058
218566
23276
233580
257462
175577
53399
48819
81365
72295
73087
114022
260917
215613
12600
269559
42679
146225
239059
87879
167106
258803
55918
201254
261417
227867
281814
60666
24578
17859
219495
8648
295868
50283
117608
16072
118518
134677
104156
279830
207510
240461
77792
222252
65531
55121
268459
246606
273788
96882
93756
71906
261521
88089
215305
213612
237597
59622
118844
273989
289918
280700
198521
212885
292607
159960
33682
219000
65786
21708
32416
54464
116758
293624
67369
63096
155337
199769
174498
283796
128782
215948
219496
51857
139174
86991
180513
49685
194466
157714
222178
205339
27126
33852
191447
65589
12214
252030
199456
154639
202080
21210
277551
31261
21831
98334
263388
97398
143546
150193
163030
294008
221515
242009
126864
196581
258294
31163
56912
83698
153748
251304
72106
114806
78408
76616
32403
179617
123612
259035
222521
275205
273399
106362
193886
248978
112888
130144
255915
182095
263418
242475
160301
42210
294915
28199
263935
26196
96060
89195
161858
192130
120103
88242
241794
48405
206969
260060
265275
43983
288113
161129
204674
40181
168849
284313
10663
128510
153596
185610
293594
53608
185480
278015
123155
153504
271594
95452
210710
66578
172101
147870
172902
171045
263217
144541
281321
207588
13939
296428
91637
295652
188393
88519
293696
37704
201697
265570
64301
31998
163163
147891
145228
92907
238393
138416
84273
259589
93306
85434
236958
177757
101068
118833
174827
134087
193208
206008
264740
84757
105705
221716
252968
254205
244035
164462
258755
213647
133829
240881
85245
84228
158743
153823
57223
208330
30844
211864
94081
51462
93312
165675
98988
77814
23536
173178
80706
32872
78541
127735
123419
87276
298532
201453
216142
121864
151216
276247
61436
18438
108090
12835
273282
11596
49468
250970
172139
57717
116851
233148
183879
133053
189374
51092
150272
170648
81986
203963
75689
126086
56478
164826
107825
233973
136920
157524
299584
9363
151720
251099
151489
106943
290972
278575
48061
176044
73506
125713
284330
22824
97772
205753
104407
123683
140682
284094
103887
56436
174703
21446
221806
90491
122570
128032
274837
261635
92826
158412
223874
132904
145030
101397
22906
289821
224995
52925
95583
183861
136771
116056
223219
143776
133124
251931
24979
283156
289225
41984
263274
171268
284731
164080
14028
38288
173408
108961
219707
164348
12083
76956
138113
108605
292270
76991
110098
170668
136564
120180
258123
17584
26455
141902
186040
85239
278400
138831
187358
143605
292187
7923
13007
33348
208540
194639
66029
171578
210900
148897
67767
207172
147273
95677
24827
262380
66806
80715
15977
258412
210868
96901
138712
232040
284630
90172
14072
251687
198045
48703
42690
160986
43169
17995
238517
94594
183126
14738
133223
11216
98485
171507
232712
95415
100388
282747
15069
63741
133624
184240
293895
257536
137560
76271
67143
54422
21216
170455
183473
93183
241644
168969
185821
6539
196021
88119
136747
290419
51385
175952
230191
165492
155832
17148
18657
184896
200364
289722
131804
143949
292320
291061
45902
250260
131359
261126
195166
249218
172285
184043
78647
24565
152805
287251
291310
190785
294780
283073
234710
69523
102423
91916
177285
266128
16087
83746
73312
181697
212657
124383
164995
203454
22670
184088
93200
144917
154531
148229
265773
231327
70179
182602
180800
122571
181786
143227
40635
57501
145609
221494
219241
131295
51089
267654
64215
42306
27254
21863
158615
153102
157343
207162
88029
285289
129551
228115
298231
132829
186650
79267
76993
197225
145796
274702
10989
214433
274335
209537
130366
191165
153444
77150
296576
17270
121936
45710
107100
252369
11377
38049
177763
201607
25032
218017
284388
224371
19638
116373
254384
17581
258203
251586
31393
241426
127511
131027
194167
31088
270739
157663
258424
293940
174843
226415
226849
76479
157032
131453
278029
206339
201719
33790
14573
111676
163694
226340
187179
263193
10183
274337
33491
184090
230905
112427
218248
194444
72302
276607
188272
272307
44676
288108
138135
26321
14399
51923
159726
205874
115418
92574
233419
241461
287668
71523
211922
296121
10549
11621
145461
69114
166803
152483
249610
34262
125576
64163
174275
67814
208009
175047
111679
54712
198933
211854
90400
189599
220481
64089
283766
183760
114160
115617
104792
129270
125907
192515
183831
92088
111114
217190
135091
194855
235370
147630
24985
103139
98322
149860
192545
57190
203538
142077
92693
18167
55110
166675
151527
92280
38970
175956
127249
95828
295546
192653
151124
92392
166233
101587
128053
45634
88560
247432
81889
14765
238102
83722
19949
219097
114598
54803
239070
160023
215723
227726
89919
261525
76104
291944
237935
202419
178623
252498
11898
85725
215534
298565
71411
197186
27068
74669
37574
34197
133763
84669
16606
8158
10140
213175
34920
109565
99284
108030
117373
36007
67232
143684
205077
52804
162116
57355
39971
180856
162262
8451
294725
55042
117467
174732
73929
221507
212732
89475
283582
288856
135330
201911
289751
162424
108690
136906
109596
299372
79826
269868
293143
190226
163357
247793
12943
237406
50280
193897
40816
38395
185145
259061
50302
110201
230951
260439
221982
180294
262489
294371
125822
238083
225703
265654
177326
188629
155323
103294
239629
99921
20851
134253
266026
252873
278636
33863
23832
189527
257310
159837
167374
299256
260023
136744
215556
149299
48548
148180
290234
167097
57746
60823
256302
83283
268726
73369
185203
264025
176860
197191
35810
53079
261599
110339
292789
183228
41121
125098
292578
118187
19996
162905
32042
244928
68424
57454
145741
7720
271814
67618
249125
180551
96521
26032
125233
225532
42167
233084
97911
172913
78678
107560
24878
156834
132689
181762
287909
108040
110163
185792
106594
194508
154988
278439
148364
229035
170315
226018
259659
264788
295998
264132
278753
246591
257493
114202
50524
52037
279319
86220
126350
63210
245159
291515
131522
75254
170578
242317
109952
168737
258787
16901
71641
90571
73077
79635
207083
65518
222913
203299
145214
91195
17799
10010
269822
275586
84367
47824
98832
161861
213646
257689
26128
136807
262541
153360
74358
236041
174543
29316
288439
186276
202560
136038
54106
246617
172415
212258
291236
186420
75850
75734
71685
238677
233773
194305
20959
297071
169905
23022
124663
118713
245853
296750
196747
60781
290535
90257
132578
14654
232586
201325
225304
164336
263088
17640
19265
187684
221791
133333
265391
177711
98192
88916
223969
25058
174666
202949
79711
197503
159766
185122
49430
224003
100540
169450
78393
216829
52204
188136
80623
38660
296742
82367
269582
27903
197988
260696
156035
7389
145963
124925
35748
73706
174716
137996
104846
247585
248048
117092
25795
251431
147262
217824
75980
188510
42783
75469
91704
58573
255011
41770
104326
74119
152965
80141
75852
73505
166080
88380
114245
66696
173556
50640
105832
76859
270543
159721
291830
241381
138044
277605
292767
145251
55270
25026
38276
124909
86465
162407
39428
10844
291578
199180
236885
176501
283015
55607
37500
90317
263696
105957
86708
48490
46107
62781
190087
204352
250299
64689
118314
287842
136050
74909
183762
124260
140586
141023
273590
156322
219988
45860
233534
173717
136132
36337
88070
20932
295236
234561
111373
157061
168587
209824
97039
81187
118927
92724
199255
260541
48918
294142
76570
196763
42458
255569
284605
282048
240574
113258
248198
161358
62204
145913
255616
35121
152611
279581
137877
262579
278517
75129
70843
52139
168553
295315
99004
61376
274730
94856
63410
268795
198669
165546
179296
106588
144739
82102
194583
243762
119346
29691
70290
76975
41411
90963
125215
166926
157590
33521
57923
256509
68184
174765
292323
92252
285107
165902
259890
90955
158381
118913
161887
37871
21829
73797
225175
196358
34648
163814
40122
254712
18667
299954
62126
282508
168413
227199
58350
91127
52469
156240
230098
241831
261432
216028
223465
49166
28835
236562
263765
191554
119126
278047
194550
260847
236827
46336
201760
284087
173778
13589
225285
30658
64528
131887
156236
228712
205164
225042
81875
73003
271071
188879
80379
212608
64078
272439
259369
19184
157407
133482
84943
285743
220002
58535
230990
49740
185224
243428
281014
204639
90689
263170
71949
71749
187504
180525
24148
126216
22288
234766
241340
247536
191892
137540
161782
10025
232500
100342
32174
36481
76011
262390
286781
179800
80401
37589
169281
165367
201979
142986
298167
295853
135670
99703
265480
234380
236916
297881
241673
25088
78813
262146
56002
157551
177186
280829
45681
210196
23840
172802
182252
111073
51696
244794
212033
200293
50059
37490
178506
246436
134133
60971
177628
107415
24699
152935
134013
248135
59007
275715
230273
56977
190151
60205
204711
178470
146666
105379
91517
104687
28124
254123
72412
159847
217054
122674
260076
155938
58622
116997
299305
53677
61353
218797
63600
20323
13150
206734
260639
280562
240515
138202
135853
174840
175594
68927
277063
223728
177256
106837
205124
235103
124360
202561
227583
239275
28588
164479
139678
74453
236113
222758
216875
245692
296318
158099
295031
235730
60519
76580
239104
82686
128838
225294
292960
155711
194296
34386
65385
112957
188328
131392
242441
70849
120845
60355
183183
52222
151231
202741
44590
184481
176443
121907
265305
146365
240390
20394
89519
77428
107292
88026
180887
77518
172723
73056
75477
296513
160813
156233
206638
118553
221390
121350
225351
269901
223509
45711
164413
159136
65244
197203
290054
121351
287821
88811
213667
224855
128669
160438
55537
221187
220494
192014
74271
114331
225083
261194
153605
167506
232921
40956
257277
153394
216118
62986
69791
196334
191948
180763
84932
277816
174220
36986
270549
91050
93868
81667
216190
186917
249690
289840
232420
109369
69301
135735
14226
128845
218570
128612
226315
137479
201939
230992
121207
31836
142158
208596
88852
296011
31008
172875
205308
118856
34072
113639
207422
251757
76877
110824
283376
284825
64428
290264
93666
221601
86982
96641
32423
186882
188485
84316
111799
43355
73588
267235
131007
155313
270485
109592
229399
287722
236614
162392
242235
223987
256313
74535
95188
11785
211647
137642
124148
151326
245954
175152
282483
250498
90572
256858
214109
271379
118994
261645
170776
9688
13363
206599
95608
224383
182857
74972
287627
202043
214844
229970
72766
133816
239184
34231
159458
95606
68557
212072
255286
136867
50517
278367
128276
293465
282491
33609
58771
110855
252587
234907
140456
102050
44036
286647
146077
177802
117625
206776
79389
23109
189639
298461
164887
38444
82544
288852
126419
31083
88403
52631
20567
7168
89650
287990
121271
71599
284327
46219
9271
70729
124077
170154
34455
277382
224454
127489
289309
131824
267088
287317
276781
267800
249257
68946
130688
98267
75610
175263
198079
105905
210592
18589
42502
161645
218626
132684
78289
140075
45554
26764
68663
84492
257006
18741
30965
177627
157535
240269
148396
31975
283838
130996
82291
134477
31483
282325
209931
87417
24030
8736
227058
28762
187774
202061
256745
220929
144276
96978
92234
207985
69243
218095
230024
116507
212996
274758
129149
45731
195985
162369
105192
194599
34369
226813
197996
66911
251524
128322
72852
270393
209588
91943
64103
141440
143908
62534
110988
94058
236854
172332
271308
268525
221518
98797
72879
253290
160834
107541
80764
71619
238361
134357
247913
30403
21541
103493
55240
211185
262523
134046
199798
227283
150374
93368
150852
23601
205045
107030
183049
171145
127948
120167
162946
250170
255044
41797
155657
119804
83918
85700
123006
286832
93535
153356
201622
103274
140595
75218
256463
148748
95688
34560
119638
50197
297235
54442
281514
110517
198974
221681
44125
138058
297690
30452
117881
225233
261766
215753
103479
281895
14980
153110
137414
215292
238638
203382
35831
186033
188187
223274
111667
190609
266686
287623
212934
132970
284074
107705
238326
290050
278139
292711
284219
73908
173297
88658
205783
131420
152154
94435
243719
77376
270958
141943
211639
74741
104080
208108
188120
7012
223163
48783
106170
287521
237182
135340
67834
253167
264730
17605
61962
289142
37405
120531
160391
142990
136319
189929
217256
126230
31655
293130
209679
154417
95993
201677
255351
235451
87778
65950
187127
169903
178481
179192
86529
130816
103970
126132
33109
182340
148850
26997
252853
82372
153131
107580
39479
96411
120583
43395
179081
25535
17419
65665
207191
224255
135676
297844
291591
169225
56600
260628
94021
52104
262899
238866
202182
202154
125043
63288
216277
18833
82191
224346
117651
13290
15647
164247
131446
192699
167072
191044
239801
134479
37723
269046
165592
110860
234772
186719
122490
154627
113211
138965
128011
282456
12181
169979
239366
291098
236831
220611
72870
181537
203896
54382
130043
49466
239267
168617
240870
120037
12586
206842
92072
265922
142616
100714
198431
263115
162466
115624
283117
45581
237370
207067
280586
186341
165578
171297
118256
87566
31585
101142
152286
46131
212789
152744
293739
110927
110565
59024
248961
81321
272725
132157
143636
106886
16394
108395
191154
266342
259984
114016
45781
276223
163318
135571
157731
143038
121002
28028
42064
65143
193458
249530
12150
260032
277904
128409
241768
234242
43230
153045
31117
245291
97792
202658
268233
251449
243866
285083
150911
154667
29293
200118
253056
25995
198964
235034
275163
53792
39378
247990
195673
122016
139093
115096
279063
139761
110400
181631
31027
86510
94988
18694
141267
207982
170957
157265
59899
11089
41055
88776
165784
188449
80686
107008
263367
255465
156978
162325
150645
71097
51435
116255
260385
118527
263334
59257
121391
70153
17789
243877
38852
28556
206143
163244
29961
17928
151351
256703
195213
187683
287006
30500
82487
80505
7849
89836
288302
18397
279482
42748
267763
80394
190357
176336
224273
128467
15895
201185
139580
177052
125789
299346
191593
220811
137523
155731
255926
42761
81800
146748
32625
201426
76592
121969
100637
51935
263534
179708
62078
180335
120792
129219
54086
276185
224407
91562
174301
118826
95951
64679
116232
20476
51347
292207
203054
180636
209065
236646
220504
122088
14307
101879
110600
119182
144277
86575
213916
14577
291539
91013
271838
210923
189099
182129
176671
208694
267224
93817
153083
84275
92824
9958
189071
122917
24045
206910
61282
287807
114541
100663
9390
70654
292834
30679
55342
220523
200318
159077
107400
41281
141101
124887
210838
60392
107271
28999
224987
168875
68149
21303
103716
114800
224175
144910
150779
63983
239979
154651
205114
184036
175848
276726
19027
197046
30883
105386
177984
158202
62157
278001
77601
173269
198815
159577
285286
142007
152276
293032
276626
40380
103350
260406
143183
134187
141944
10302
24629
26255
192986
55906
103807
128370
52490
47166
46369
278220
23179
149298
244243
146528
11441
123356
38499
106195
21943
200248
70669
161594
225068
32110
190198
120281
259748
35189
115354
224167
235765
61258
171067
163294
20652
144596
74973
181585
50228
174589
207978
179694
34120
231567
269110
268874
202874
36934
249025
89695
123535
108628
176604
130762
65793
296964
48258
205950
48533
109399
100402
181722
133905
166450
207376
185238
141617
215480
65291
182947
53068
239796
240439
182891
296100
146947
109307
154407
218452
232619
232238
239287
21827
16048
108238
270829
255794
130971
171506
270513
235260
30309
126822
144839
152649
28257
95792
69186
179125
55323
210820
131548
57552
112747
283483
79411
284595
182208
63619
153058
211935
38686
167898
94823
99269
236684
42107
200932
206816
290899
29437
263547
156561
216146
65351
189061
139339
262460
213323
204293
172432
207430
94169
217205
211691
143266
167429
172089
153338
195727
115669
72749
69852
245188
259788
159753
164046
50136
187256
259728
293492
292869
118034
281164
252453
38876
144381
273391
214456
280099
298303
243801
216294
59779
133360
284550
224326
90286
79866
40055
285190
34724
246837
181170
124110
218290
154796
234598
237989
236352
79735
23371
113693
114779
172159
207821
279757
259104
111613
175623
120804
36692
286361
96975
168660
116184
198653
172387
105861
78069
38931
283402
127433
255834
70738
267866
152069
130041
227712
105606
44963
45891
240490
196809
189230
251253
63790
210684
19550
118074
250662
87952
41264
211992
116945
239337
184485
89549
259102
175944
262760
18738
41750
243142
163627
152713
180208
229619
118416
255937
135264
265500
225562
139208
29476
111751
95383
71484
217478
281471
249800
267297
55184
49739
60833
117868
37312
186291
280007
271322
286818
153777
293907
78916
172454
223912
148952
50929
154226
218166
68593
201196
34816
68265
105856
226019
88922
51213
39392
12352
166998
140266
8928
243770
57528
174344
163817
239559
206648
54814
167487
150205
129210
296319
134233
272441
238371
129474
245527
245089
57927
50411
25002
68151
107589
206786
90135
272077
235540
196131
7889
124649
55697
273892
231072
220519
236954
49655
172603
96271
156199
201699
203721
48683
271447
250450
284645
290764
10934
267680
131287
55951
71770
215703
56771
251853
38378
294642
232310
299252
33700
163388
254381
16523
142529
132750
112058
214564
142240
121023
126657
233352
212429
21009
49409
171637
196362
295513
164897
46064
19603
159213
272336
256459
174706
9654
226480
167596
32766
55224
80400
271929
184791
116066
198791
224498
99437
46888
147597
166554
135443
164223
9847
166964
72639
125792
201523
134667
142460
8386
162253
297724
138613
166700
103338
143703
126956
19748
183580
155569
176666
150451
247296
147184
41406
299203
283354
252058
264391
108363
204703
192802
245628
185375
212115
189452
138200
237087
92101
222933
44768
137083
143797
30283
163663
295860
285115
125100
49747
75959
46872
299986
74251
128599
190269
102225
54003
184588
37031
75774
16247
121107
161733
29045
37012
171266
58382
98474
23173
65753
278520
121560
55077
177373
36564
64857
72386
177782
16863
280115
210695
265298
171768
181504
173682
217702
138078
7282
137276
79078
162110
97957
106045
108896
114219
10486
156443
257330
289425
227931
54629
284417
129632
128444
285661
272308
184298
129349
262179
45486
227699
54526
58830
86568
99512
157945
226847
135459
298327
236047
15537
51414
193758
124611
43400
133827
137481
95457
157119
223876
85910
100359
44458
224636
132631
158943
273339
210683
278049
273308
26434
167068
211884
93467
88624
192085
49596
203815
295660
89567
82405
262242
162183
150638
107768
149875
266157
191867
75232
238526
270601
189108
265977
262744
219431
25678
194838
125283
186044
295727
211121
206972
134402
172549
80095
174615
128489
290990
198554
68509
61828
159278
113503
179292
81205
58227
154726
282565
167162
49821
256332
215490
84893
145373
81002
130443
123941
75450
245279
230308
249901
224847
112134
269419
24335
247545
282801
190214
188704
259852
74350
199954
248831
112902
204469
275067
215324
128148
41199
232461
242428
19512
51334
7510
222428
236522
101522
299770
146559
230886
267598
243011
27182
76052
46463
177705
261299
229925
122620
176156
42889
275931
25207
272061
141453
191306
289569
217066
262197
157152
95816
62476
230188
215901
208256
105599
223333
153008
294078
55800
235113
260239
247622
205773
41031
158016
289280
68898
18964
239540
119449
92994
83907
152621
290411
57559
173686
139615
58656
140580
133094
165230
112404
58284
208204
208103
128509
235774
177528
237284
211670
62099
108230
257311
41695
290967
232145
175310
14210
296192
153824
88308
159508
181388
115900
188364
137862
21925
129644
31235
260191
28832
258564
60082
112150
141609
271409
134119
105065
221346
199744
102481
252098
131734
258508
32331
256320
261334
184020
25449
119386
160481
21821
203360
272757
79174
84137
170871
260476
58141
297392
72804
32792
56913
39614
65551
110084
69821
245617
20559
43125
254216
274013
139063
199373
261607
117250
93401
73034
120642
266608
44788
50944
48551
150106
274233
42529
179490
250944
122724
107782
66804
163281
11244
273197
107123
258296
178115
68893
264401
210153
77918
162434
144851
135688
150865
146307
209436
97958
292987
193557
24446
296835
288978
100392
121092
247084
170981
10057
283366
279794
212002
242343
245282
41945
128312
59384
78490
208434
192712
60317
161771
299740
151199
17614
28470
207490
103985
134508
142927
172892
78397
15013
135661
11553
276968
93266
236519
284363
48317
289319
227649
86212
229725
9345
208969
44527
72162
184930
62924
67175
162706
132790
139055
115514
294801
37168
59056
35428
149024
132875
268444
296475
42676
150551
135488
149139
108918
138627
83415
131906
231334
255165
295384
199778
98903
18521
217086
279656
243234
266736
251540
48181
276672
215436
171413
259578
158255
60092
159234
97791
283415
230810
215355
44941
247049
264991
115191
120284
135352
145451
65324
75243
192481
111153
17123
64208
33821
188274
10455
167026
127204
53047
133015
277867
23014
71050
185062
96003
39594
226530
41061
82360
115976
39257
51963
61675
129041
164175
156168
81949
245201
58703
158524
249957
251129
58162
218038
267403
198514
225568
199925
286918
122951
195689
293734
13204
58509
276405
278836
279929
18343
124329
227626
235223
40787
228777
138809
274903
7515
12026
241202
52559
265551
292204
106263
212443
51731
195146
202430
57825
163974
275300
242013
281192
274194
107371
215435
8379
186904
13712
111886
146091
107903
162801
70307
258303
12836
41423
60029
124573
215473
209125
90667
149656
224174
99924
90879
182400
57957
85988
114582
196489
211793
234327
133013
100720
26145
151765
90566
276320
8680
183986
241050
94557
241064
61766
12916
200843
115229
76038
106216
270808
278580
196601
19069
84636
69471
82900
119087
109772
116941
99021
150680
162833
119489
282333
160929
254405
152599
79376
22333
278807
129062
256663
95083
42927
58067
155892
176784
13435
286138
281140
254611
210350
230480
147995
57629
99347
126095
48697
102523
112849
211513
249004
84166
101214
9383
110295
23438
257923
207707
52296
91140
240736
76302
13018
169078
84617
145466
94186
81408
255330
282450
244664
241867
297600
284518
226773
292331
60553
35201
88129
211209
298687
286108
120614
221984
26919
191435
257174
261891
94977
51250
193851
85145
54452
136994
201418
139740
15031
285366
249204
183830
134268
297916
107099
270349
131858
209815
188790
14250
283649
241013
181974
191305
85742
85236
279046
169386
146821
221115
131728
46596
271265
144804
172565
58472
79721
254122
75510
178324
195133
272279
56539
219183
16001
38482
58686
17831
186869
265719
126112
33756
194355
117197
210001
14254
260766
103766
299446
162152
94056
253741
220338
226227
223190
218783
291844
74773
210437
228087
29478
78277
299714
82625
202710
233774
249048
25903
295293
261680
200853
158960
121885
224919
81777
72761
229938
67247
196275
243431
48013
242370
146974
170434
150564
286098
216412
7582
138026
218083
127435
207651
295464
138433
22250
110554
186049
66509
178811
164735
231332
121268
259296
151164
232482
250419
159957
242801
40267
285298
140653
185873
200684
67042
214065
210334
30714
92743
188162
34191
181684
82179
108833
37975
35477
255765
8890
40960
261882
286700
135941
150469
185990
106895
111980
16708
119467
45705
87936
289599
292006
119134
209011
231808
112143
57748
233930
130608
117172
165481
23307
31100
212066
77763
46853
83067
159767
231514
254931
43378
171624
145565
282285
148320
250085
254878
293694
193953
73075
154779
77708
287581
253282
208233
232176
77058
88439
218013
142202
170684
136377
69256
220354
126305
21171
116299
165282
137860
255032
82058
125306
129660
58220
281893
252856
69601
116720
281830
198719
170322
141986
190537
256538
156229
168515
218977
70624
275028
299132
129197
77462
150174
14080
280159
95115
190234
80945
46574
257476
230238
69411
115636
197653
28975
153787
166279
247177
86722
11543
9188
164883
224762
15057
297649
160035
97996
18353
124461
118954
202110
205454
188649
208050
170624
118335
43467
158032
49064
246290
68506
30796
221957
22946
133004
154662
189672
21735
243817
69687
157991
100969
223917
129468
58684
153316
141547
268805
182598
227382
240340
240910
257231
273928
133638
8419
66254
66769
270322
40649
168064
269857
9835
250049
38944
180303
101377
89566
23728
141002
13528
77769
119784
211302
67549
280576
252734
270419
104897
276397
98508
34210
39191
83685
191417
294219
114616
91784
159021
41816
209517
205586
189817
131954
105337
234666
125557
7922
261637
205356
184573
181924
21778
48700
22170
132760
292467
210204
146468
183570
148067
248292
228017
203669
101720
14937
9808
40422
130064
222248
112337
105092
92381
59179
254219
200775
175285
149810
145047
159276
17092
273525
150038
20969
107627
128541
45831
99385
199072
56301
113159
143340
43877
92554
112177
151554
211159
52310
244798
178606
119963
20206
171597
274153
54514
221379
76990
293813
68063
88458
135761
292700
216236
207188
141099
205493
202408
195781
187489
149105
214624
131089
127816
81151
269529
60363
193991
73162
246259
268568
235778
87391
83924
53108
225353
48939
72492
15389
158776
280520
138338
106775
225274
54863
123196
169799
174097
11888
163799
51316
113447
288129
230683
221868
232866
164979
228396
111829
123336
42839
275020
285544
183506
102591
253145
129764
265265
293853
244116
246076
177061
240451
257730
298064
30235
237076
255560
173106
257374
7153
219475
133527
165614
127683
54376
127128
176285
225181
165789
20413
159643
98500
90043
42132
176078
275301
41292
220942
212853
54720
12526
46133
50844
193409
219084
7973
33820
225846
249296
257568
12380
241403
100608
175242
14484
25992
61019
210689
227877
128749
80735
119367
54956
203476
19368
211246
178594
205805
265010
165176
286790
60364
135077
24276
34658
145800
253703
199400
50170
90807
195125
183751
212468
283071
256249
187934
82834
102083
136566
44005
192733
25624
27765
204290
44777
27197
142208
127266
269860
279846
251785
51831
86765
22499
34610
58518
225349
229983
40710
226155
206291
162435
255576
130977
188685
72064
263839
14961
89230
35787
289012
266999
65855
9961
297493
30984
129052
120195
149714
85137
144748
63925
15156
233076
26041
279292
211195
245944
81024
239286
165023
170130
33643
271162
111571
6945
248182
293071
162812
161440
115727
201604
262019
98585
83374
12516
218333
185901
225019
230984
92409
261412
75797
20777
153400
143826
172416
23170
216518
102317
82517
133515
20379
130515
236602
287698
92616
275928
213098
27790
60790
151633
149686
66399
221264
138694
261792
22888
137056
140779
253109
70185
118641
86693
98222
17676
268096
235610
94295
71502
263421
12591
127408
216812
166420
170996
141022
208741
53982
90005
285329
105119
58770
228405
11249
117593
292070
94274
217723
154610
243912
174674
176516
69023
290124
212166
73884
89944
228214
152110
178878
214261
40473
111542
13936
66590
87517
103590
25549
84719
44507
299356
213816
163665
250762
25082
194776
79116
151282
86935
229760
121532
129188
194678
271463
251495
178418
139225
96740
109637
26218
238120
45014
77669
282980
179842
228625
66390
228964
232747
89903
98032
295343
53557
179501
231624
208697
8128
78114
110634
77351
19178
159164
270643
41664
192042
259301
31262
218575
43928
103440
79369
56985
72049
80460
207723
20252
134953
299085
210897
53337
61226
193944
202620
101789
11784
21631
39782
170372
76107
16086
129437
11822
154706
66358
14121
21139
10257
46904
183627
128413
296704
12282
185764
200085
133756
261462
95284
196474
259063
27383
217096
61893
283543
107032
110957
195134
269109
200107
53495
192003
200977
164584
131670
273943
174056
188743
55047
64064
20930
53697
248475
162199
9978
121111
211435
166047
218508
193258
293681
16403
86595
76336
55010
268027
83636
189721
277212
95305
46691
254904
114892
172379
61299
17863
271811
211312
156258
204512
112017
189585
150290
155305
40342
264495
204229
137828
13533
132383
95506
38758
123733
92103
12479
35293
132165
213000
166059
172037
231525
31568
9151
268639
11801
290069
171105
258348
215050
35208
245703
81488
107167
192493
43054
298784
281727
58633
281135
94455
55847
192360
100550
129558
247660
204680
267181
62526
274939
287888
122374
72188
169527
127721
170890
23668
196676
34841
163918
203047
203468
63143
277818
288433
269294
118008
85227
21630
273975
141722
184958
206878
23814
229993
55827
132753
153203
292854
217910
133380
235225
95063
172768
215299
294417
169796
78655
15679
246289
133807
214674
262465
295921
161943
245358
100730
267497
24079
148428
271347
74193
285029
15114
181432
137788
69677
287406
212786
136931
137584
265718
218016
135878
85876
147635
263585
17569
120920
142360
29937
187339
241827
187396
161112
155685
40614
199658
145416
228124
198542
185379
92250
175213
54400
97288
82321
234124
71194
284261
89582
179207
148003
255041
62830
224695
151979
37557
113077
282037
114985
36945
74928
220421
287662
164166
79813
170900
190556
176239
174236
273003
140613
110274
146024
138277
268720
161788
154324
47151
129023
56238
11529
110310
52838
8449
168178
266542
279439
33397
218179
154157
55764
66725
123921
273370
173449
36397
43474
103618
204418
214415
19541
105140
131599
199184
148795
42377
223272
62766
295432
122399
6671
209370
32846
37962
253437
74337
201670
273654
21229
122424
52340
255637
45293
296661
191886
64547
282879
135810
43632
76849
177412
67415
133900
191275
206492
200765
166266
30157
219252
236095
269966
215680
290453
45893
127995
201846
37425
211207
143279
19440
135212
116389
20256
164731
92903
269924
82135
223635
75265
174002
108093
80079
155123
137719
218070
30154
159416
217627
27873
209835
78511
229704
32783
59139
17335
169992
112611
293717
251862
254073
142115
281368
197244
146295
86272
289031
53183
142654
133023
299317
77375
143579
299670
199472
273700
109405
20243
50953
149084
222490
24367
7421
69300
84666
78077
240392
234023
56400
234255
256777
257002
211265
252429
26071
228682
118380
105001
79584
172170
76983
147873
92114
287469
227406
19613
276409
188094
188833
134755
293474
267253
178982
276538
291849
118640
167711
78128
269767
31821
185241
255944
32736
160464
57439
231492
214057
62523
232584
270158
205788
104202
77488
273108
31795
78330
66090
175824
222904
123290
10123
20951
6618
193690
89183
269000
37447
33288
199233
298845
198061
207658
286826
169931
172171
109663
47051
75826
234764
187329
295251
90826
175353
108890
74830
148936
39337
252756
294840
134693
246402
212152
234407
292983
173444
242703
72729
276500
196806
43139
176811
11254
226528
28139
273926
260157
172887
51934
52242
36701
18764
109148
124420
181812
97312
110700
242894
122176
250827
14365
217316
209326
270970
102260
273397
110626
173709
68419
212139
86425
155418
294212
244913
243254
214429
185112
183214
152799
160443
62000
28145
30456
202431
276017
78891
143750
31442
170291
195649
131221
111356
136659
76155
123500
278282
236693
13224
77155
50383
248404
263279
148634
172378
265729
44286
53444
84975
62059
153407
90830
216247
26820
111642
83132
288970
19156
90132
190060
188095
125393
244438
17825
161327
41197
215629
150270
71944
75395
202403
126701
256832
144957
219207
188990
178737
256572
37997
92300
186109
162751
280103
251075
177138
166143
133212
252610
273157
55535
88937
220699
219211
257227
173050
7530
112161
110635
42448
274280
188862
152323
273762
113096
143390
62680
7703
258861
152845
22308
252165
52897
202680
124850
160201
242996
113685
87691
294337
145266
127053
61229
120381
8913
242583
251638
117411
232697
272525
54854
59596
173435
120022
16625
184192
28595
12789
128189
30774
64314
230256
129242
155840
186151
218317
25793
178001
268111
289574
158650
107716
156672
55570
35527
74595
100252
57997
63141
278299
127877
183070
242248
167817
109683
297320
229047
97354
282509
112019
20468
102998
258155
146150
102942
171497
55395
179079
70891
24377
30786
34274
125958
279167
87654
221209
127998
198106
238766
256682
31635
154484
52291
172088
216779
159357
294951
185777
58909
78849
211835
199652
296859
19272
244830
54365
141513
7409
114944
41678
230654
260049
147004
39593
113747
269039
296907
248387
55284
161131
192261
12500
54827
101281
132012
155744
263879
22398
273543
200814
255829
260575
82361
121813
57010
7114
122324
204191
241383
147425
259196
240763
172779
203720
66379
140679
260276
193303
226672
16763
48806
83643
200699
51335
224112
293089
223367
29753
163399
278670
204057
103149
281982
52105
104681
197585
173551
50156
274464
146834
120368
90046
83216
97409
166746
169205
81148
152143
45631
265326
209628
136120
168263
202655
264732
215265
52044
74057
187950
247564
50318
237685
105346
297520
281583
139044
72086
182863
40002
36854
249671
115357
217032
194352
231628
44025
78986
283490
276598
77830
176912
273332
131310
227671
90478
83956
231226
92041
76568
240807
60939
137763
278005
68500
250125
154907
95707
273356
110809
291095
49317
49848
281976
299207
132030
242223
89859
260701
254476
275970
65084
82838
52600
61779
84862
159346
91849
76127
136239
244390
200926
16532
121695
38983
229420
8156
23433
50654
11169
118549
148063
265449
90434
277139
111461
34669
178555
215205
270562
252267
248336
198962
295696
290162
179994
129781
199234
163710
125951
70333
149138
208963
158670
159083
147286
201948
269941
279304
234915
115071
53301
272102
193330
248466
129979
270488
126660
155974
8964
273175
208658
186161
106634
217033
169249
123550
266295
76519
275758
149903
40274
78416
20459
60212
72535
115397
197677
162956
135323
239006
116917
278160
48306
131782
132475
66910
78419
234934
91235
197851
40090
185510
80390
125701
289119
180360
147102
278650
200186
94916
7105
255768
264450
263811
49610
170119
217797
214080
100248
296302
7024
14116
196622
256838
91298
35373
25723
55909
151576
88765
173749
12670
270786
265081
8941
207308
100051
6878
10167
273171
69717
176936
213872
154175
282958
277192
35914
250192
288969
131098
46132
105391
190399
8700
53452
115212
26270
157675
90093
10396
169419
128434
153672
29554
73383
258361
295418
118773
94267
163722
152641
46211
231734
36253
226973
298076
190159
86847
111132
212552
132150
288341
201880
285235
184353
278188
148785
234046
26129
168532
64278
227315
41524
188128
279217
145449
115246
65172
112689
205528
227602
12311
285435
137390
87994
268094
9823
233275
258694
70637
185538
12143
192346
55619
204853
87132
253730
229662
88967
227104
50549
286002
110705
33094
219653
131057
218378
259771
273553
248240
45529
218660
66308
230406
179134
279331
182893
276445
260024
218868
212647
7893
176708
60386
49916
68095
240249
18930
249568
282181
246825
85684
177197
65316
175860
189823
166967
116348
277264
178930
178578
65838
216805
173144
45544
80463
146485
107625
90662
202614
268308
114085
272918
72821
261183
82705
119272
203369
104931
175548
53149
224515
90210
89125
154961
259167
269302
253616
91043
35833
144236
206299
46247
109362
16615
237011
76664
187177
51463
289248
288235
65924
184950
112441
164119
103608
67978
87121
100848
276420
142586
183203
103268
146897
210412
275558
298268
238679
264203
182259
272174
43867
147997
25395
220557
116210
168157
7555
38506
216890
291189
162201
35152
181383
150970
56291
22919
18580
205331
187386
86650
90349
292044
160610
265602
174874
254255
262911
53398
36066
18218
102313
237103
71264
58157
14741
259981
50960
262984
212874
291323
155214
113274
145968
205408
209785
41049
171040
84499
248489
253580
236908
280556
252383
152197
281442
76060
121554
69282
235662
78974
249310
221388
288162
173063
211915
255407
150422
156040
78901
40674
49329
200506
86775
238099
204382
14395
66909
130600
136826
81572
206872
146614
263445
174007
95681
177554
79790
136624
263705
221904
155588
199169
243344
275159
211443
11233
31814
212385
232633
74191
187864
253981
54777
169033
83391
72440
266723
288097
288532
70894
33329
22307
270257
180407
92821
282268
181459
81265
148856
35671
64632
240575
53662
175620
48680
42992
189296
273464
112125
163538
13431
91982
170699
46514
85883
22087
173412
288078
112102
154768
240664
104186
260856
245251
47622
58834
114134
109127
258814
93464
41427
112458
63158
82297
269025
241103
263070
112227
254851
295256
93197
119162
251722
51945
225148
53893
274216
283689
129104
56749
44836
51794
97816
224472
193157
12338
85172
110297
262833
293720
81347
17125
214507
137901
28561
95479
40923
106059
17385
10964
58709
299972
135478
235362
37121
144879
244504
63192
172736
265071
199379
82784
219874
142800
141539
99728
116183
162624
129829
188887
30038
285394
264696
210057
211606
288963
140409
86146
230799
48452
21011
10424
126344
225103
210320
54332
182113
227160
56949
109217
219589
21352
34793
18125
53177
96179
114646
198950
287979
56357
81091
87927
140503
90788
28377
285633
97853
111536
21440
170712
294232
94795
247594
179536
98163
150621
221582
202444
63169
229945
255762
233322
9652
180408
164469
124580
145670
238554
64079
250700
220915
29905
272431
77723
144067
269156
202975
176997
280836
158605
143148
230902
197986
160396
206296
239884
105507
187136
55663
231971
75252
41388
214958
175716
225379
11832
261011
22588
170326
125766
115195
240503
26013
121670
212842
183019
278884
297039
229669
20075
124109
136476
179242
242189
174967
261998
291143
139974
172655
258844
8393
211665
41025
69177
199917
276487
46521
84548
294837
7704
262125
117920
168234
30406
299313
139475
50368
44585
228104
57101
60478
58646
53571
232090
142842
9788
89481
87265
238445
150692
291400
116109
227800
147554
149233
52332
7241
10965
281015
131025
267795
285314
206010
234923
152402
16883
212862
47510
32867
207338
100516
197818
83125
216833
216879
69845
291639
224527
49414
235736
16381
280331
163854
137235
69469
287335
131399
56582
262082
14825
230904
58879
11581
102672
24984
119205
80831
243998
246865
33831
219630
45870
17520
254063
275935
133608
193440
38029
188457
207628
22901
195387
230766
296689
287506
290042
79934
87559
61567
73788
86284
33884
204141
15498
98245
98765
134489
282542
85194
284269
21391
264579
274656
107951
68032
89952
194269
20036
245773
222850
41861
9640
93903
122513
275167
212459
131367
292278
7747
259672
34192
125625
29006
153186
101226
136241
98900
287935
101250
36170
206220
122057
35912
44738
32134
281770
138998
112084
11149
270960
233921
283348
104242
147778
151594
249851
232309
120771
230587
140618
30475
70468
48668
36667
221630
170052
54188
67008
120550
53485
34248
232290
96810
61007
237150
163215
194988
281705
150727
215865
141597
209772
229836
280327
247415
140715
246472
163882
273124
27149
201501
296622
30291
271576
36380
287346
184028
271075
109989
86273
19879
151924
240506
116732
153419
31926
196509
211126
176473
183352
293175
117338
27886
35404
137455
203695
174279
261245
162986
147950
289765
260844
266622
167492
137153
294313
193957
23476
285523
107525
81493
259468
239389
266972
248269
136054
121714
262404
209145
69883
129543
163543
198905
243728
215605
132632
164371
264296
140169
187154
52235
204194
142363
118650
8214
207017
212489
270041
160888
179747
13889
34770
97197
73046
80822
34267
214729
161936
35830
214155
276369
107406
61996
152382
220579
207383
112754
188135
110203
158450
162638
164988
263672
87096
200432
114270
187494
165938
73791
220204
93009
150935
44094
253281
208134
244057
19660
17690
76704
247168
261866
167264
268748
148790
31618
245299
199318
46963
115786
234761
140773
153027
287255
291837
206711
148315
89295
42855
110452
205648
105773
291106
161042
152818
215465
26044
15188
197335
253011
155158
237542
140543
198005
113068
132312
34773
197308
195475
141213
147409
221402
127544
32732
124216
162968
237041
24112
100998
211840
227969
208811
280868
266214
55213
93118
251656
32895
96274
108401
247397
51189
64200
158878
97837
60595
64934
220078
168867
99254
203607
9697
122443
67226
181753
54943
108098
114437
102094
271803
216035
92612
146725
124382
31606
113162
58191
222338
256553
91824
67642
163501
180709
11681
223826
235840
213134
124695
283169
81258
296861
78570
57846
287544
231713
178901
200946
191326
56341
273544
239707
271988
84402
194980
61621
71214
53282
170205
132023
156200
33189
27711
102058
235543
186547
222169
224822
133955
92581
293549
122525
118243
192554
260584
117981
297085
261572
34984
18186
108477
229831
106300
99015
243962
88432
209394
247774
204704
38531
139675
251232
191345
261564
129640
175699
23459
285064
189474
137929
41303
209528
60839
287756
33467
93487
246054
228421
136018
150636
9255
196304
114882
197359
78921
50542
122555
74282
102159
33416
161319
8047
30933
296486
146815
239102
285607
266484
219290
61796
238304
287539
61823
249814
276875
140717
124601
198421
251477
198193
250064
145130
275493
282420
112526
7043
238544
210179
30578
147701
18176
27454
271574
7842
78907
296467
159861
141238
122792
263598
145961
148066
111792
220986
231308
89926
114230
271436
29508
290240
111394
101511
54607
125690
145525
17516
90519
84203
236514
257283
243984
271954
77119
203153
243106
28912
92263
274112
160146
258610
25917
113496
235700
224266
259498
58091
171258
22797
136559
204566
75529
152904
104266
35578
29172
203856
161678
188703
144953
135556
288930
235442
118417
86125
137959
36015
278703
40940
204558
101611
288124
190170
123128
205123
282445
239887
73337
65654
61725
30441
243537
134362
185339
205646
160431
232139
110522
18892
212794
18985
91074
157191
226715
151643
70398
73368
41141
137691
128274
218393
292729
65442
45475
15901
252452
180648
94161
168039
247590
236933
163704
75911
266967
136651
214104
229411
117487
46394
46812
244142
80355
74144
22285
263192
154455
27118
252665
142276
272124
199995
221986
255297
190654
111733
42924
28292
265212
175123
284767
77677
189460
292575
201490
121345
74691
90080
291618
190196
211874
40656
233335
125865
258024
107659
191709
7492
226574
245135
97114
49096
194751
70340
258365
185251
120159
228832
171474
22550
225427
164537
30018
151828
27128
228725
274090
236723
224234
231416
273373
206102
192363
34655
171646
238373
148141
74884
293261
83627
174624
146100
56022
244324
242234
242070
76858
152822
46877
120347
184851
51548
170802
208086
98505
251896
90277
139449
215781
98718
56560
83785
29716
147119
130716
141553
53812
72820
40602
40175
102307
284383
270490
115761
15451
76932
269549
13714
15159
240583
133833
25021
148116
178577
71213
125568
55335
132193
68138
51008
77024
296872
224261
156817
208752
29837
143673
169960
8590
192958
149155
118479
50762
206587
51003
15020
18518
35530
248964
205146
136693
250650
126610
171317
115472
259786
110263
237898
95424
112478
179446
86963
240276
19831
94930
209860
43829
242766
94373
207367
30713
284030
67686
56691
186995
297604
263920
295479
121328
109509
134994
137138
193358
21397
257117
30618
172252
137015
219041
177390
11685
171571
47453
230619
83760
277550
271701
64049
201168
212773
284622
228057
233037
53460
77257
288006
266429
229368
50575
236816
182993
164556
122344
200188
291828
270575
287977
99200
276755
116101
115349
131750
223842
104433
222368
65810
224872
102733
47075
258709
36367
276737
204700
87727
219278
136660
83059
87612
77248
254841
152243
170401
253609
10942
38930
286444
282423
56881
93213
258359
7288
259449
25229
19847
160918
180657
77444
207989
225451
223179
85329
144448
140034
86532
219399
63006
78623
7232
199814
208258
59073
14432
270495
191800
28237
288940
221674
32698
259382
19359
161592
131022
54308
272071
132934
267491
280676
54852
266642
141674
31160
18161
255040
149331
288715
166363
225069
30331
230826
261395
260692
132332
163302
36996
92784
196462
122052
299604
249298
101546
57699
134455
75966
246176
56280
165496
24750
294148
61849
68984
100229
119620
152448
224444
197706
190206
55617
184932
138872
158441
287263
32356
247185
33916
190187
202551
224664
259451
154344
117328
161144
133948
292802
99250
23249
242605
183675
172958
85645
283533
177399
65570
178511
19168
52224
232351
100455
36699
67460
152115
208246
121627
41519
197198
89211
292129
229472
203775
265733
28253
295843
61354
227786
248555
288286
202152
53316
217666
246300
38814
168309
283137
288688
60897
138731
71503
239781
129006
105100
203007
138844
26877
211719
21439
186327
131563
234071
224368
148289
114506
111657
30376
194884
29057
62633
33773
221782
44878
126836
76493
289088
43288
139233
246138
134115
9197
146640
210874
78443
23891
52201
277861
276984
108835
215887
140284
107368
214208
126443
294637
248463
137740
186201
118803
97626
39347
161606
227611
46732
123507
158760
54759
193209
58272
41668
153540
281311
297883
247847
186636
217694
7874
53213
101371
97519
121510
167960
110318
119092
251470
157062
217494
121883
213366
89962
167232
206671
178284
247861
166209
295103
179527
241011
199767
266696
291784
116145
172407
287373
271955
71640
235601
141241
272195
125357
263817
154201
203309
204447
230736
139587
290230
95968
176113
7666
94862
265530
272251
53780
255735
86869
65031
16832
238342
112734
27238
295263
36240
50065
237501
284181
214788
117921
207193
258048
182374
229040
261335
54822
83540
149791
159196
225815
15342
27452
181477
208445
164575
187350
104795
173884
293713
161965
231300
29399
122866
81400
286764
114682
189399
50162
288588
198334
188951
170133
252771
180088
258959
288019
270053
205919
76586
217486
274281
7529
6992
115543
226964
232114
237858
38438
93188
122936
102999
162208
292934
127685
136279
50712
233711
48379
257535
69851
85612
9020
96387
49256
279107
109647
41270
288700
162447
270151
25016
71590
264613
20051
13506
68269
206675
201488
228737
91463
11994
119310
212000
26179
277994
136321
37488
74565
286633
247346
78818
280755
96717
126010
296776
291925
226791
24386
73033
260249
70879
127533
262298
216405
239616
54559
168266
256060
36307
170448
67485
116530
211075
260188
219638
148596
74106
263155
297422
48271
121661
157405
169417
257479
277064
117332
197234
162882
32932
256728
51527
22669
284926
56015
285695
60708
94332
128629
115086
58455
249164
173303
183686
137964
193167
162267
139579
137829
299042
26513
72244
253794
111615
36651
260485
115548
32753
154619
269804
181813
266668
286770
233441
225064
249001
16859
215726
70793
101055
137400
273881
26999
177362
114976
251463
194399
207473
170783
117806
247061
254200
222355
268790
176624
273432
101980
8490
162314
158233
271222
252411
204250
109007
84344
31704
20381
130209
270621
83972
49675
189497
68759
148139
113050
39334
84481
97552
163218
292361
226641
240551
151419
238273
217521
97548
172523
131447
145637
247532
16602
7045
128956
297468
221752
29745
105449
241763
85664
81953
95746
285875
29802
227625
254398
84412
189114
212113
177744
112498
82984
234260
119248
282070
13284
173952
134920
36109
290718
205036
243521
257054
100239
175193
67076
279630
112419
152468
231869
296261
226885
83439
175862
298854
69962
93960
46713
204163
192631
10604
130704
229533
276477
65093
182281
123539
288661
170722
232555
78814
101015
119781
60844
110420
98262
212361
41417
168340
138952
227350
187361
265621
236276
122076
87674
150295
209924
21164
125037
179728
133258
237776
268712
62660
66363
199367
257258
52205
223260
79570
90887
20245
48574
71622
157914
217709
73437
291026
83625
143735
82530
169018
225360
145866
22018
278983
191251
180167
218057
288263
145082
46014
138252
115892
98380
50089
153765
66158
162952
227761
85307
171267
180063
232297
212505
104620
145801
124686
162336
11369
186976
266742
171184
224036
194641
224367
215554
245091
30831
163172
19126
212756
134049
125963
153660
45473
6837
291367
143315
112762
267302
192018
113725
79647
299077
32788
27046
108861
65750
265769
112465
67733
123885
76394
248784
77786
272247
160661
222604
28005
249628
129542
242610
162070
258592
298788
210136
66356
177404
145694
228461
163088
62809
293352
49771
45769
242431
228848
101352
155449
52107
32235
179199
55688
275229
262591
75570
184824
59041
25163
237099
146808
273646
265916
93440
234447
18641
283141
289943
92069
254909
92322
7295
49229
248861
62677
247953
279659
264221
46079
119583
194266
277134
137614
109113
256038
15056
266259
151064
73051
154316
237130
177193
28032
263051
252789
181645
14561
105129
201209
134809
236354
206458
30805
105168
160850
172326
275469
133628
221809
141244
113253
77187
240829
34559
285870
276794
23617
70012
22893
97708
162875
47325
29352
113006
216351
188441
288564
74089
231862
237510
64177
41208
249551
267534
134484
144976
225108
199474
35483
71887
91761
258672
105902
272422
140460
61575
197834
286208
123206
25581
53803
117343
58755
289005
225611
63863
113229
207148
31024
284728
289205
173375
